316014640
338427944
0
368050190
338165811
367656980
11
311296000
636092427
366608410
1
338427919
338165826
368050240
99614804
338165846
368050260
338165851
316014684
369361000
111
338427994
367657060
367132730
338428057
338165894
338428018
367132820
338428065
366215330
338428031
338428062
316014750
367788190
367394940
367001730
338428075
338165933
316014773
338428113
368181460
366870750
338297000
366870730
338428137
367001820
316014832
367526130
367788290
316014840
602276105
316014850
636092681
368050450
319160600
316014858
316014860
367526160
367526170
367001890
366870830
636092721
636092711
339870000
477757764
338035000
338428217
367788350
338428233
367788370
367001940
338035036
368050190
367656980
0
11
311296000
366608410
636092427
1
338427919
316014640
338427944
368050240
338165811
338165826
99614804
368050260
367132730
338165846
338165851
316014684
111
338428018
369361000
367657060
338427994
338428031
367394940
338165894
338428057
367132820
338428062
316014750
367788190
338428065
367001730
366215330
338428075
338165933
338297000
367656980
316014640
338427944
368050190
0
338165811
11
311296000
366608410
636092427
1
338427919
99614804
368050260
368050240
338165846
338165851
338165826
316014684
111
369361000
338427994
367657060
367132730
338428057
338165894
338428018
367132820
338428065
366215330
338428062
316014750
338428031
367788190
367394940
367001730
368050190
0
11
367656980
311296000
366608410
636092427
1
338427919
338427944
338165811
316014640
368050240
99614804
338165826
368050260
367132730
338165846
316014684
338165851
369361000
111
338428018
367657060
338427994
338428031
367394940
338428057
338165894
367132820
338428062
316014750
338428065
366215330
367001730
367788190
338428075
338297000
316014640
338427944
368050190
0
367656980
11
338165811
311296000
366608410
636092427
1
338427919
368050190
367656980
0
11
366608410
311296000
636092427
1
338427919
338165826
316014640
338427944
338165811
368050240
99614804
368050260
338165846
367132730
316014684
338165851
111
338428018
369361000
367657060
338427994
338428031
367394940
338165894
367132820
338428057
338428062
316014750
338428065
367001730
367788190
366215330
338428075
338165933
338297000
